[gd_scene load_steps=9 format=3]

[ext_resource type="Script" path="res://scripts/level_objects/gold_pile.gd" id="1_script"]
[ext_resource type="Material" path="res://assets/materials/mat_gold.tres" id="2_gold"]

[sub_resource type="SphereShape3D" id="SphereShape3D_touch"]
radius = 1.3

[sub_resource type="BoxMesh" id="BoxMesh_base"]
size = Vector3(1.5, 0.45, 1.5)

[sub_resource type="BoxMesh" id="BoxMesh_mid"]
size = Vector3(1.05, 0.4, 1.05)

[sub_resource type="BoxMesh" id="BoxMesh_top"]
size = Vector3(0.6, 0.32, 0.6)

[sub_resource type="BoxMesh" id="BoxMesh_nugget"]
size = Vector3(0.35, 0.25, 0.35)

[sub_resource type="BoxMesh" id="BoxMesh_nugget2"]
size = Vector3(0.3, 0.2, 0.3)

[node name="GoldPile" type="Area3D"]
collision_layer = 0
collision_mask = 2
script = ExtResource("1_script")

[node name="CollisionShape3D" type="CollisionShape3D" parent="."]
transform = Transform3D(1, 0, 0, 0, 1, 0, 0, 0, 1, 0, 0.7, 0)
shape = SubResource("SphereShape3D_touch")

[node name="Base" type="MeshInstance3D" parent="."]
transform = Transform3D(1, 0, 0, 0, 1, 0, 0, 0, 1, 0, 0.225, 0)
mesh = SubResource("BoxMesh_base")
surface_material_override/0 = ExtResource("2_gold")

[node name="Mid" type="MeshInstance3D" parent="."]
transform = Transform3D(0.94, 0, 0.342, 0, 1, 0, -0.342, 0, 0.94, 0, 0.65, 0)
mesh = SubResource("BoxMesh_mid")
surface_material_override/0 = ExtResource("2_gold")

[node name="Top" type="MeshInstance3D" parent="."]
transform = Transform3D(0.906, 0, -0.423, 0, 1, 0, 0.423, 0, 0.906, 0, 1, 0)
mesh = SubResource("BoxMesh_top")
surface_material_override/0 = ExtResource("2_gold")

[node name="NuggetL" type="MeshInstance3D" parent="."]
transform = Transform3D(0.94, 0, -0.342, 0, 1, 0, 0.342, 0, 0.94, 0.85, 0.125, 0.4)
mesh = SubResource("BoxMesh_nugget")
surface_material_override/0 = ExtResource("2_gold")

[node name="NuggetR" type="MeshInstance3D" parent="."]
transform = Transform3D(0.966, 0, 0.259, 0, 1, 0, -0.259, 0, 0.966, -0.8, 0.1, -0.3)
mesh = SubResource("BoxMesh_nugget2")
surface_material_override/0 = ExtResource("2_gold")

[node name="Glow" type="OmniLight3D" parent="."]
transform = Transform3D(1, 0, 0, 0, 1, 0, 0, 0, 1, 0, 1.5, 0)
light_color = Color(1, 0.85, 0.4, 1)
light_energy = 1.4
omni_range = 7.0
